memory accesses misses hits miss_ratio
128 5276203 4851480 424723 0.9195021495571721
256 5276203 4443159 833044 0.842112974045919
384 5276203 4053343 1222860 0.7682310555526389
512 5276203 3688101 1588102 0.6990066530798759
640 5276203 3348834 1927369 0.6347052984883258
768 5276203 3033391 2242812 0.5749193122402606
896 5276203 2717459 2558744 0.5150406457067706
1024 5276203 2386657 2889546 0.4523436645633233
1152 5276203 2067988 3208215 0.3919462537737839
1280 5276203 1805152 3471051 0.34213088465322505
